hOwner=1
hOwnerName=sTrIx
hX=693.709960
hY=1967.684814
hZ=5.539062
hLocked=0
hInterior=4
hPrice=2
hLevel$10