[Vehicle]
Model=782665360
PlateText=40TFE917
Plate=4
Primary=131
Secondary=132
NeonR=255
NeonG=0
NeonB=255
Neon1=0
Neon2=0
Neon3=0
Neon4=0
SmokeR=255
SmokeG=255
SmokeB=255
Dirt=0.568728
PaintFade=0.576471
Pearl=132
WheelColor=156
Wheels=0
BulletproofTires=0
Tint=-1
Radio=9
17=0
18=0
19=0
20=0
21=0
23=0
24=0
extra1=1
extra2=1
extra3=1
extra4=1
extra5=1
extra6=1
extra7=1
extra8=1
extra9=1
[0]
X=9.070000
Y=0.000000
Z=0.000000
RotX=0.000000
RotY=0.000000
RotZ=0.000000
Model=782665360
Bone=0
Collision=1
Froozen=0
Lit=1
[1]
X=0.000000
Y=-3.000000
Z=3.000000
RotX=-54.000000
RotY=0.000000
RotZ=0.000000
Model=782665360
Bone=0
Collision=1
Froozen=0
Lit=1
[2]
X=9.000000
Y=-3.000000
Z=3.000000
RotX=-54.000000
RotY=0.000000
RotZ=0.000000
Model=782665360
Bone=0
Collision=1
Froozen=0
Lit=1
[3]
X=0.000000
Y=-3.000000
Z=7.200000
RotX=-90.000000
RotY=0.000000
RotZ=0.000000
Model=782665360
Bone=0
Collision=1
Froozen=0
Lit=1
[4]
X=9.000000
Y=-3.000000
Z=7.200000
RotX=-90.000000
RotY=0.000000
RotZ=0.000000
Model=782665360
Bone=0
Collision=1
Froozen=0
Lit=1
[5]
X=0.000000
Y=-1.800000
Z=10.800001
RotX=0.000000
RotY=0.000000
RotZ=0.000000
Model=782665360
Bone=0
Collision=1
Froozen=0
Lit=1
[6]
X&9.000000H