hOwner=1
hOwnerName=sTrIx
hX=693.709960
hY=1967.684814
hZ=5.539062
hLocked=0
hInterior=4
hPrice=2
hLevel=1
hName=DANIEL HOUSE
hVehID=0
hArmour=0
hVehC1=0
hVehC2=0
hVehX=0.000000
hVehY=0.000000
hVehZ=0.000000
hVehA=0.000000
hFurVirtualWorld[0]=0
hFurID[0]=2030
hFurSlot[0]=1
hFurX[0]=369.689788
hFurY[0]=1417.967773
hFurZ[0]=1080.637451
hFurRX[0]=0.000000
hFurRY[0]=0.000000
hFurRZ[0]=0.000000
hFurVirtualWorld[1]=1
hFurID[1]=19057
hFurSlot[1]=1
hFurX[1]=694.533874
hFurY[1]=1962.662353
hFurZ[1]=5.129060
hFurRX[1]=0.000000
hFurRY[1]=0.000000
hFurRZ[1]=0.000000
hFurVirtualWorld[2]=1
hFurID[2]=19058
hFurSlot[2]=1
hFurX[2]=692.164978
hFurY[2]=1961.584350
hFurZ[2]=5.109063
hFurRX[2]=0.000000
hFurRY[2]=0.000000
hFurRZ[2]=0.000000
hFurVirtualWorld[3]=1
hFurID[3]=19076
hFurSlot[3]=1
hFurX[3]696.286315T